17
36
34
14
28
33
5
5
35
29
17
62
42
18
27
47
56
35
15
68
6
7
34
24
13
107
33
59
8
29
21
21
28
36
27
30
48
23
20
49
35
11
60
12
9
30
31
21
128
64
30
5
46
29
9
1
28
78
34
25
68
11
42
13
20
23
42
16
20
13
55
32
34
61
38
11
28
26
37
20
28
32
19
26
54
56
86
18
35
32
60
39
36
20
34
61
13
59
38
28
33
18
29
12
18
11
28
42
13
46
25
37
23
65
20
49
41
23
12
58
16
32
38
35
33
123
18
83
34
27
21
40
36
42
24
20
27
20
21
55
70
20
27
42
33
7
18
80
41
27
37
73
44
3
28
20
15
45
13
37
3
22
16
29
31
1
22
2
67
35
73
27
59
15
18
20
10
6
34
29
25
34
10
25
91
39
30
24
25
47
20
103
17
35
31
6
24
23
48
24
58
30
19
26
26
23
56
19
30
6
44
40
9
9
49
25
36
11
75
23
5
23
20
32
8
16
28
20
38
25
7
61
54
90
27
12
35
52
67
54
16
5
40
8
13
26
8
45
43
30
35
9
17
2
56
48
25
13
37
2
30
14
41
81
77
44
53
34
43
32
37
29
16
33
5
34
100
32
28
46
34
4
54
16
1
6
19
3
27
36
41
11
3
21
36
31
3
89
54
3
59
32
6
22
28
27
25
78
39
23
27
35
110
43
31
49
32
49
12
24
19
35
25
18
70
30
38
45
32
44
25
39
24
51
24
12
4
3
23
61
42
35
19
16
38
39
34
14
29
28
24
58
25
9
17
46
18
1
3
24
32
37
4
42
51
77
12
26
31
49
13
19
3
26
12
39
73
25
1
78
43
39
15
24
45
37
42
40
44
56
5
23
18
13
62
29
27
60
23
66
52
57
3
27
104
10
33
3
17
16
61
28
40
6
42
20
22
32
66
48
14
38
32
28
27
47
4
1
29
16
79
19
63
50
28
15
34
53
29
7
43
2
6
34
67
45
4
38
31
24
14
97
24
4
47
13
72
33
8
48
7
60
23
15
25
9
1
22
57
71
21
68
73
24
38
35
57
32
19
20
76
28
6
72
54
16
44
22
14
34
33
32
9
27
25
13
42
36
15
19
25
25
20
44
21
26
38
10
32
41
36
20
5
45
20
3
23
9
58
24
58
21
36
10
35
18
40
11
13
22
10
63
4
25
38
25
1
24
26
26
21
39
99
4
32
32
33
23
27
30
2
4
64
65
57
47
30
74
96
28
31
121
44
42
26
19
18
51
30
30
23
20
43
41
29
6
23
27
15
23
18
6
6
2
49
11
19
24
31
16
13
24
35
5
34
85
22
12
59
8
6
15
8
37
66
4
41
38
66
18
11
50
19
10
67
26
19
6
41
115
4
27
7
130
21
59
1
29
35
41
14
42
5
30
28
6
2
14
28
52
4
43
25
22
32
4
12
21
11
45
57
79
20
8
34
36
6
26
28
127
92
25
71
89
43
43
11
52
33
68
15
33
19
3
55
66
75
15
34
49
47
4
45
78
31
41
30
18
26
7
12
17
42
34
32
10
56
36
15
39
35
34
13
15
47
25
22
4
12
30
24
51
48
65
14
9
5
66
38
124
17
20
4
33
20
3
19
74
23
30
25
7
11
18
4
31
92
33
51
47
4
41
39
15
28
5
38
58
46
61
4
12
2
12
69
17
8
23
44
49
40
8
21
58
63
55
23
4
21
38
17
18
13
16
34
21
25
64
22
35
21
24
14
31
65
21
49
11
12
28
33
4
126
27
66
16
36
72
30
25
64
4
29
16
39
46
36
91
44
2
10
61
34
15
45
10
25
46
24
34
23
5
47
25
21
20
30
12
28
17
18
29
23
24
3
28
12
49
6
50
26
4
26
95
20
80
28
57
17
33
21
7
41
14
16
1
16
4
42
54
10
10
4
37
22
59
38
36
58
37
17
39
42
28
22
24
11
41
52
48
28
4
36
45
14
30
7
14
104
34
38
22
47
48
32
25
39
28
16
19
14
3
42
15
53
62
4
173
29
35
95
2
51
55
25
36
10
19
25
30
31
21
45
13
42
51
30
31
47
47
6
9
4
52
57
31
43
31
35
18
17
8
32
20
30
21
17
4
39
38
3
36
53
56
48
22
41
8
16
10
28
45
41
104
32
24
33
15
86
41
7
9
40
77
30
17
7
47
22
57
24
22
28
32
5
58
23
32
7
26
61
22
30
23
31
8
5
16
25
64
11
22
11
14
69
1
18
2
24
32
5
32
18
20
19
61
6
15
16
35
21
11
33
53
32
5
32
39
39
63
28
53
55
14
18
15
46
59
41
54
17
30
66
78
14
64
18
81
26
41
18
26
19
33
64
52
52
32
36
19
58
13
4
53
21
33
25
32
67
63
33
36
38
35
25
19
37
31
31
11
20
10
8
43
28
46
14
25
39
57
45
11
18
32
23
32
1
49
33
54
23
12
4
54
55
37
38
34
12
32
64
51
61
14
38
27
28
12
37
42
17
10
23
12
24
46
73
9
53
36
29
25
54
30
15
15
35
18
40
24
4
22
27
37
22
66
51
5
36
38
69
4
60
25
39
3
50
12
10
18
68
10
14
77
21
36
61
52
20
32
19
4
46
44
18
76
40
17
51
22
30
29
29
53
62
10
29
21
16
27
25
4
43
24
54
19
17
71
42
69
13
33
25
15
25
18
21
11
11
3
35
35
4
15
41
22
57
17
60
19
32
8
133
39
3
56
70
10
37
90
25
48
15
6
18
46
60
24
27
34
7
34
11
23
42
45
39
43
32
59
29
29
55
24
18
5
5
4
7
33
18
79
15
20
31
49
4
17
18
16
12
17
22
23
13
24
90
6
15
5
45
28
36
36
19
9
42
31
12
35
30
53
27
23
25
5
13
7
5
39
48
4
3
27
11
21
17
17
24
13
57
19
15
29
28
18
24
16
56
40
151
54
37
63
16
15
66
35
21
5
54
15
9
2
18
21
40
3
55
32
6
16
55
30
18
57
44
54
31
23
30
4
24
16
11
8
24
26
121
9
38
34
49
49
85
42
44
5
29
5
11
113
16
9
18
18
32
13
1
29
21
4
32
53
29
36
32
43
16
32
28
28
17
8
48
35
74
28
89
4
11
45
31
32
28
52
3
7
11
13
13
8
34
31
25
25
12
42
24
32
5
96
16
15
5
4
4
28
22
42
41
15
15
30
28
15
26
16
29
13
3
30
13
61
30
67
36
11
18
3
3
20
36
16
104
4
3
21
57
19
43
7
10
28
24
14
31
52
31
20
49
4
23
83
23
13
41
39
21
37
9
49
20
34
30
5
18
36
15
6
36
54
27
14
54
41
30
43
29
14
49
42
46
10
43
28
21
75
12
52
12
19
68
12
37
119
55
12
56
18
36
36
51
37
31
39
41
32
32
31
39
4
8
32
11
10
47
3
69
6
28
26
9
40
34
50
29
67
10
85
50
25
9
75
12
25
5
32
3
18
25
4
25
128
21
49
10
56
56
25
2
14
74
39
24
7
62
36
55
27
2
22
35
30
4
90
6
24
6
7
13
17
15
5
133
6
53
50
42
11
63
4
14
47
19
57
55
19
45
26
19
55
14
7
41
21
37
28
25
41
83
13
28
34
29
30
25
26
5
12
74
28
20
47
48
3
46
27
5
36
77
4
3
26
17
19
1
46
53
32
62
73
43
30
6
76
22
19
6
50
23
9
19
33
24
5
42
32
57
27
7
5
22
23
5
22
80
4
33
41
14
32
49
43
19
15
61
22
48
17
64
25
30
18
37
13
15
20
29
64
34
13
56
29
25
54
17
100
37
35
34
40
39
42
16
22
22
51
35
59
19
27
5
46
14
8
8
47
4
18
16
25
36
28
14
28
56
16
26
38
4
38
19
9
4
48
20
75
22
38
43
4
25
21
11
6
13
78
29
27
4
75
39
3
50
29
37
10
40
45
11
32
23
51
21
4
18
47
72
37
33
9
17
14
57
57
12
35
24
21
48
22
56
42
25
29
67
18
11
31
1
4
39
33
13
25
9
45
21
34
37
11
17
30
38
60
8
72
23
55
17
23
13
19
52
50
19
29
26
21
36
71
43
9
3
37
21
25
34
60
78
16
20
5
25
22
55
9
31
9
69
8
5
14
9
60
4
29
26
18
13
7
23
15
77
29
20
79
117
50
220
30
11
29
34
11
36
16
40
33
11
32
18
61
49
14
13
21
26
23
42
30
21
9
25
152
60
28
46
6
9
23
30
29
83
23
18
21
9
15
24
16
17
21
60
17
4
38
30
6
16
12
45
54
12
23
24
28
25
41
11
21
16
24
26
28
29
4
41
28
85
21
21
2
12
71
15
11
24
7
59
28
32
33
30
19
64
3
26
48
143
37
28
225
97
52
6
19
10
44
12
29
42
52
62
17
25
39
30
13
19
16
54
24
85
13
31
39
21
22
31
9
126
32
65
8
30
9
42
75
5
52
36
22
15
7
37
16
35
11
100
23
24
31
20
4
26
4
14
33
31
92
7
28
50
20
19
57
150
44
5
27
61
8
43
27
21
29
28
11
15
27
21
33
24
8
20
17
55
14
76
11
13
55
64
54
19
14
6
33
21
33
48
17
75
54
46
16
8
79
30
45
26
30
44
24
20
40
31
36
37
27
18
18
14
12
33
22
113
24
29
48
15
39
18
5
12
22
69
15
29
20
26
12
13
33
62
70
50
41
21
22
111
48
35
38
12
17
61
26
17
8
12
169
17
44
35
24
43
20
9
14
52
66
17
74
9
37
45
26
12
15
27
34
37
34
9
60
6
31
7
19
17
30
43
16
30
26
24
23
54
10
32
22
84
30
32
1
34
29
27
12
32
17
22
30
12
23
3
31
20
24
27
79
28
54
24
40
69
46
24
33
31
33
58
2
44
33
48
38
4
6
32
5
32
26
11
33
41
23
5
26
36
30
161
20
36
26
29
60
35
31
12
6
18
28
64
33
44
3
18
32
35
18
77
57
26
4
29
33
4
34
17
17
16
20
41
8
39
25
72
42
43
81
47
3
16
31
16
4
21
6
24
40
34
138
179
45
22
40
25
26
8
40
33
46
1
34
31
50
20
14
49
27
23
69
20
67
35
105
28
15
71
15
17
20
86
43
39
18
36
34
29
20
54
30
47
26
29
20
41
10
19
20
39
1
46
20
93
2
28
19
3
19
64
32
12
29
14
52
28
40
10
42
20
30
50
34
40
4
45
53
82
40
33
21
23
33
54
51
14
140
26
31
34
4
10
16
36
52
29
29
19
8
36
42
13
22
28
41
50
11
14
83
45
62
12
53
15
18
15
30
63
54
6
24
36
63
13
9
32
19
27
26
18
18
17
29
37
80
60
44
6
19
19
29
5
24
27
24
20
80
37
40
60
32
5
33
17
34
11
23
14
367
38
21
29
3
32
8
31
62
30
42
59
27
42
17
16
47
39
49
41
23
81
148
37
21
19
27
39
15
10
53
18
6
26
20
16
42
36
16
14
34
30
37
26
9
23
44
13
36
55
7
20
23
8
3
28
25
40
13
36
13
54
5
45
15
43
48
43
57
14
39
53
18
44
15
37
26
58
22
39
37
60
24
6
19
13
77
21
38
26
12
29
22
61
66
9
18
28
31
70
48
5
20
39
23
23
34
20
17
79
17
6
38
25
23
35
11
46
5
77
5
34
39
14
28
19
80
4
54
14
24
44
28
4
41
5
49
54
47
28
29
37
22
17
39
17
17
3
29
33
40
21
27
20
2
40
18
8
6
71
5
21
16
52
4
18
33
34
17
4
32
13
41
52
30
22
11
21
5
53
18
7
4
22
39
104
30
41
26
6
26
24
34
37
39
31
10
38
36
56
24
22
4
60
14
27
16
20
77
58
115
25
19
64
5
17
23
8
23
20
61
33
32
29
31
33
19
16
5
28
7
26
14
5
21
23
24
3
8
13
11
21
23
41
25
44
5
53
20
30
14
33
24
21
15
30
26
40
54
4
37
27
19
33
5
22
3
25
34
16
96
19
55
46
30
13
65
75
23
18
8
38
89
23
8
20
77
59
7
93
5
34
71
60
8
32
7
16
36
40
48
30
25
4
3
15
37
34
34
38
14
25
20
10
23
7
7
20
26
22
15
3
28
61
29
44
9
14
21
33
20
17
36
19
22
17
37
33
2
14
70
30
32
15
33
10
49
14
37
30
31
29
9
2
29
72
25
59
30
28
17
35
2
26
12
26
35
33
39
20
31
22
45
2
35
121
39
22
26
8
48
30
26
69
36
49
52
46
26
69
22
42
12
15
26
32
57
34
48
32
7
23
19
46
45
28
87
26
10
37
12
21
52
24
20
61
53
34
40
38
12
35
17
43
21
79
53
17
13
21
22
24
2
52
40
3
51
68
28
38
27
30
20
3
35
31
24
39
83
43
89
81
20
9
15
25
18
20
9
43
20
5
23
19
22
39
31
33
6
23
53
50
4
31
4
10
13
40
62
32
41
11
13
3
92
36
66
9
13
21
30
5
33
14
12
24
25
47
6
19
29
8
9
49
57
45
31
39
19
28
14
33
27
23
62
20
13
29
27
64
37
27
4
45
30
37
21
30
24
18
27
79
64
21
56
49
46
38
4
41
24
34
45
43
13
17
17
93
4
70
14
28
24
17
64
41
37
5
25
22
24
27
34
7
10
10
56
10
42
22
31
28
19
5
59
57
39
