Reading text...
Reading embeddings...
len(texts)=3000
len(embs)=3000
6.3418093
6.5327673
6.6104174
6.3850474
6.4858108
6.246787
6.3773274
5.962219
6.5580764
6.778895
6.7039957
6.7401185
6.0662203
6.520507
6.458001
6.353815
6.822837
6.9246626
6.3956404
6.9474716
6.2489653
6.5385942
6.6235685
6.2842283
6.285697
6.6141133
6.8988566
6.8662853
6.432939
6.202947
6.3879485
6.139897
6.372165
6.7651587
6.577768
6.548587
6.6720357
6.6703677
6.395542
6.836059
6.537817
5.793155
6.6877365
6.1564255
5.945025
6.230255
6.8097234
6.34874
6.890836
6.8881392
6.745853
5.807246
6.9256864
6.7670035
5.390435
6.188674
6.511717
6.6665034
5.831726
6.604083
6.379217
6.0672026
6.6643133
6.0064063
6.1936255
6.447405
6.72339
6.4122825
6.324704
6.238767
6.8028455
6.8159847
6.7557206
6.9150577
6.7204328
5.8318663
6.518943
6.4286165
6.8437133
6.431569
6.7272615
6.631676
6.1532316
6.053538
6.9831266
6.759234
6.683834
6.5754232
6.712298
6.456593
6.98931
6.47121
6.527325
6.7432413
6.394574
6.898851
6.343001
6.789525
6.900869
6.4872756
6.8116465
6.1719685
6.6054325
6.770176
6.2136097
6.431434
6.153603
6.681989
6.3799534
6.6714206
6.3411107
6.817264
6.6623654
7.00043
6.42712
6.0828004
6.8738475
6.6559014
6.1875668
6.9782495
6.3812666
6.723006
6.816159
6.964019
6.66186
6.2550607
6.5015216
6.5680037
6.6094704
6.4605007
6.492477
7.068975
6.780703
6.897644
6.2923717
6.450164
6.022939
6.09285
6.6890793
7.0322433
6.544911
6.7900815
6.5674753
6.4549637
6.605168
6.36355
6.038827
6.9008293
6.78306
6.3029776
6.806488
6.6923695
6.60119
6.4513874
6.387058
6.2731223
6.081729
6.7901874
6.140366
6.6994596
5.7784457
6.586501
6.136649
6.623233
6.7860885
6.577013
6.188439
6.4601994
6.960074
6.5207276
6.446355
6.726241
6.474645
6.2110662
6.2693477
6.3903284
6.2544746
6.462306
6.817645
6.7847767
6.3290615
6.5632915
5.988836
6.5440416
6.9381065
6.521139
6.7486634
5.7498207
6.217494
6.4397216
6.355025
6.6135087
6.5380793
6.6743994
5.982556
6.1720986
6.6104417
6.5723133
6.883948
6.454752
6.736326
6.1445622
6.442491
6.540473
6.8380632
6.1472325
6.7609754
6.7217445
6.62368
5.804688
6.602539
6.720022
6.1144805
6.200246
6.6439915
6.302509
6.567535
5.7875876
6.9464216
5.978594
5.6269293
6.4770985
6.385246
6.5399823
5.4260707
5.462875
6.012415
6.5071144
6.414383
6.370621
6.4372396
6.8579116
5.774978
6.988955
6.6815834
5.665796
6.6772804
6.842189
6.528541
6.784475
6.415702
5.9764347
6.7771196
6.419052
6.077758
6.60767
6.1166186
6.714226
6.7281523
5.9423056
6.810736
6.2674313
6.692347
6.2114635
6.86955
6.9267716
6.409716
6.25322
6.6416955
6.7801757
6.778258
6.3572392
6.877911
6.792376
6.8676515
6.5718927
6.8244557
6.8188586
6.7325444
6.2869554
6.5578704
6.6193504
6.1417727
6.873811
6.613371
6.245548
6.776018
6.3266177
6.587193
6.8147826
6.055739
6.5872893
6.9289613
6.407119
6.303223
6.279117
6.247425
6.3708763
6.737688
6.403619
6.649584
6.364773
6.519567
6.3987374
6.403619
6.376144
5.472182
6.778507
6.5959096
5.58783
6.845519
6.9231687
6.0568595
5.7706666
5.606297
6.47219
6.3404922
6.730067
6.817101
6.2081366
6.4353895
6.9292755
6.9883966
6.5763383
6.544549
6.7318554
6.8089514
6.6370425
6.127977
6.446799
6.033445
6.360675
6.3402295
6.3872385
6.9066873
6.219766
6.732245
6.9765716
6.598453
5.7545557
6.2931895
6.567293
6.2986603
6.8439994
6.382187
6.5134244
6.485389
5.618466
6.428128
6.910983
6.5667763
6.505534
6.258646
6.243528
6.9701614
6.4530716
6.2531443
6.2008286
6.775974
6.6088214
6.636427
6.546635
6.830133
6.0299044
5.815296
6.6336527
6.675782
6.7270384
6.0571303
6.7874675
6.587001
6.4648256
6.0520597
6.9612455
6.764265
6.8571076
6.4128666
6.6424923
6.09897
6.3735185
6.122258
5.8992558
6.310779
6.3194113
6.061781
6.4987264
6.7776194
6.6330876
6.3947716
6.778012
6.594942
6.4752626
6.5179763
6.0359745
7.0589356
6.8145375
6.821463
6.82
6.6952815
6.587855
6.5658293
6.45446
6.4420133
6.188453
6.754267
6.345188
6.5903425
6.934908
6.368503
6.941753
6.8795166
6.872385
6.6515646
6.463545
6.767759
6.1448426
6.5842824
6.601791
6.4329267
6.027297
6.5943227
6.0080113
6.5906806
6.1368256
6.6301885
6.5295515
6.5651345
6.4756927
6.44468
6.8776045
6.333816
6.567947
6.857007
6.3878746
6.328431
6.3714814
6.60065
6.2860684
5.954785
6.594497
6.8299737
6.272207
6.893763
6.802882
6.5080647
6.2684584
6.364122
6.7949967
6.617627
6.416108
6.773182
5.922925
5.58291
6.251117
6.909778
6.766039
6.58001
6.5553737
6.084705
6.7049365
6.4785285
6.895686
6.229256
6.587562
6.824265
6.244805
6.556016
6.396951
6.3343744
6.9881706
6.1149354
6.45509
6.608922
6.180172
6.6368866
5.943539
6.67046
6.5616326
6.679631
6.6956167
5.83524
6.827659
6.534656
6.7851996
6.8371406
6.5016747
6.90418
6.437615
6.555013
6.383848
6.6785927
6.2571564
6.497106
6.5341988
6.8978553
5.9995365
6.571928
6.4679794
6.059175
6.6210713
6.8362627
6.56748
6.4057984
6.525527
5.703957
6.5890183
6.4282618
6.723377
6.8055234
6.358484
6.3062997
6.6848807
5.9813304
6.720786
6.4050126
5.9593773
7.013358
5.8118763
6.716973
6.7154202
6.567645
6.465747
6.4875526
6.540415
6.512998
6.086861
6.4876432
6.2565656
6.7491636
6.1065807
6.5829725
6.3935847
6.672364
6.0679736
6.623156
6.532341
6.715066
6.19278
6.336209
5.9379945
6.03153
6.7105527
6.592207
6.3109756
6.3782935
6.0873985
6.774774
6.2824125
6.2000046
6.6681805
6.552342
6.4426813
6.7215376
6.310206
6.5539937
6.2216754
6.5119104
6.646789
6.2564044
6.8044834
6.401323
6.3886766
6.989942
6.8669252
6.7116003
6.8243837
6.122016
6.6348906
6.9950113
6.638679
6.561603
6.279787
5.826876
6.8334026
6.102137
6.1931124
6.6408625
6.951444
6.4487367
6.2303214
6.4533157
5.9476457
6.739191
6.465553
6.648935
6.2171187
6.8760214
6.4171257
6.110605
6.273625
6.152011
6.4366174
6.294496
6.52842
6.6628275
5.9873104
6.5498433
6.136796
6.7503366
5.851561
6.469203
6.0808234
6.4225645
5.8688064
6.6711082
6.821973
6.7170553
5.932536
6.9598374
6.220073
6.2070866
6.1564183
6.0674663
6.3113966
6.7924657
6.6088305
6.7838173
6.0934215
6.731555
6.089993
6.039587
6.6900077
6.377793
6.4185143
6.983789
6.834664
6.4899454
6.1470695
6.867879
6.940004
6.485892
6.4289317
6.2292814
6.62605
6.409263
6.5533543
5.920433
6.2373996
6.328077
6.542678
6.086966
6.619361
6.384431
6.6733947
6.393877
6.0758815
6.1672196
6.384307
6.60771
6.902944
6.581017
6.945285
6.530971
6.5229206
6.7986536
6.618675
6.487922
6.0099235
6.3291674
6.640545
6.9496064
6.8082447
6.5264506
6.483045
6.737713
6.419554
6.3331437
6.838503
6.615334
6.9903274
6.7361784
6.562466
6.8590293
6.835207
6.9009843
6.8770146
6.084192
6.255451
6.6927505
7.1139965
6.064593
6.282846
6.427689
6.3473234
6.8032746
6.4904256
6.650558
6.7050066
6.4519467
6.9885674
7.005949
6.3206716
6.6179023
6.305712
6.7470927
6.880811
6.1076474
6.3162174
6.606749
6.215759
6.4600115
6.0774603
6.2873797
6.5307026
6.358944
6.178127
6.926138
6.6973553
6.130338
6.0789824
6.785023
6.486889
6.2854247
6.09027
6.5463243
6.2733073
6.0815
6.6528187
6.122501
6.7276983
6.1935472
6.5990686
6.928269
6.6340203
5.9206944
6.375077
6.249602
6.7260747
6.794537
7.027163
6.676817
6.2520747
5.923744
6.2856
6.3779035
6.1542177
6.604042
6.732314
6.7675943
6.792082
6.1472864
6.517368
6.804734
6.308305
6.3185506
5.9173465
6.9517455
6.287692
6.779637
7.0020914
6.3392744
6.628255
6.8082137
6.2966895
6.8870378
5.969255
6.640973
6.69042
6.778996
6.7938504
6.4791307
6.347869
6.7125907
5.811883
6.978076
6.2584853
6.0334373
6.707282
6.0777273
6.9257946
6.735564
6.6847644
6.6202865
6.9536996
6.516285
6.585172
6.3567343
6.586289
6.146814
6.584746
6.2695985
6.383843
6.46075
6.4001064
6.7005763
6.3734746
6.539365
7.0074015
6.570576
6.677743
6.1905875
6.10844
6.079413
6.4157696
6.9463205
6.543227
6.664898
5.969985
6.0860763
6.7011023
6.406118
6.660062
6.793304
6.094457
6.589262
6.2847805
6.768932
6.8981934
6.428534
6.5803003
6.9409356
6.4244385
6.9059525
5.945026
6.4908237
6.341721
6.2107077
6.8696914
6.6100554
5.9850497
6.2693543
6.3971057
6.6788816
6.3115945
6.761137
5.6782823
6.6288705
6.710713
6.4401016
6.2218456
6.61894
6.2151833
6.6162863
6.5277634
6.3889365
6.4001145
6.9715276
6.422102
6.684278
6.1448126
6.659913
6.5550447
6.271023
6.3494306
6.2017474
6.0089984
6.107594
6.288542
6.2367215
6.7302084
6.6192675
6.686911
6.7010965
6.8815026
6.1593037
6.683648
6.398921
6.7857175
6.067285
6.2949605
6.690823
6.5456634
6.3074474
6.728219
6.238305
5.9425087
6.6487756
6.601345
6.8264894
6.803328
6.2682705
5.9270644
6.7012362
6.3418713
6.6042156
6.7092457
6.5769
6.5019097
6.857197
6.8286967
6.042349
6.33633
6.830166
6.3278384
5.932273
6.1624455
6.2512097
6.7982125
6.5688086
6.7310405
6.683666
6.5523715
6.8070807
6.568533
6.048566
6.58952
6.256993
6.1718984
6.509683
7.0211887
6.362897
6.266108
6.617381
6.7958703
6.7537894
6.870116
6.5009875
6.6924596
6.2036595
6.3310375
6.2710824
6.3986144
6.807587
6.2332377
6.932061
6.69782
6.6825304
6.7619624
6.663387
6.2511497
6.9242473
6.7900705
6.626358
6.9851055
6.287191
6.330065
5.652807
6.207818
6.730937
6.912764
6.515843
6.460309
6.5202556
6.3332443
6.397045
6.9532714
6.5627
6.542503
6.7715354
7.0732074
6.4144697
6.427456
6.579901
6.204091
7.021043
6.261615
6.733467
6.7635756
6.555076
6.1644173
6.619153
6.472889
6.6907163
6.3562927
6.246938
6.517352
6.0527825
6.572183
6.8756595
6.6516147
6.3541503
6.879241
6.8035274
6.6913996
6.5296764
6.244175
6.663219
6.2009125
6.339237
5.89157
6.76141
6.859856
6.7368965
6.4706874
6.3879385
6.45511
6.473793
6.325691
7.1147037
6.7552133
6.6710396
6.3960404
6.8925533
6.7230477
6.2617483
6.3768735
6.390903
6.406977
6.6730356
6.8511667
6.210128
6.051133
6.1788282
6.7174416
5.5172567
6.5633793
6.356775
6.2864876
6.370034
5.9717803
6.8573613
6.417038
6.9001884
6.3756714
6.376226
6.444901
6.4040403
6.5708003
6.568653
6.9719415
6.177286
6.310408
5.9587064
6.088437
6.845513
6.783384
6.175977
5.7477355
6.716144
6.783703
6.2196555
6.4505343
6.3156624
6.3785825
6.071286
6.6457033
6.205678
6.3833036
6.1763515
6.752893
6.641511
6.3930893
6.723925
6.494051
6.7253537
6.1577716
6.6582327
6.4774165
6.7092657
7.086511
6.3065867
6.639718
6.6984777
6.3577933
6.0022616
6.5837564
6.41262
6.746334
6.855705
6.658478
6.226878
6.8546405
6.715507
5.7863994
6.340783
7.0582566
6.330815
6.9289
6.4166865
6.575731
6.3451204
6.5266
6.361683
6.4828568
6.6443224
6.7175884
6.0266395
6.5131106
6.593197
6.2229066
6.7432303
6.169105
6.2532997
6.7351575
6.2516885
6.465969
6.3081617
6.424233
6.8657627
6.9512587
6.5890646
6.4112296
6.6871943
5.7767744
6.639614
6.4086614
6.8060265
6.539821
6.600287
6.4730663
6.179425
6.465176
6.1262555
6.9128447
6.5441203
6.7018633
6.1770678
6.0733685
6.704293
6.639472
6.5904665
6.5040803
5.9506006
6.6451797
6.070461
6.7582355
6.1885715
6.6474123
6.1857195
6.7240796
6.4794054
6.293297
6.699319
6.8647227
6.9344697
6.6406727
6.7902803
6.2997813
5.599485
6.508684
6.561421
6.556816
6.9023323
6.277653
6.333121
6.482181
6.5814424
6.4038877
6.807459
6.2290206
5.79978
6.4051723
6.3179383
6.557982
6.639757
6.7446823
6.888868
6.103142
6.9398594
6.475628
6.554917
6.573683
6.4918847
6.6676054
6.056779
5.9289765
6.184243
6.122457
6.5711656
6.2028913
6.2039495
6.4955506
6.129533
6.96448
6.611699
6.581353
6.740417
6.5728645
6.834717
6.2207236
6.8042183
6.309177
6.606318
6.171316
6.611301
6.1652985
6.768274
6.1776576
5.872903
6.567813
6.782133
6.0595307
6.3458753
6.9116154
6.307393
6.416462
6.703483
6.905068
6.1833096
6.564249
6.243016
6.1611032
6.793541
6.634766
6.3492746
6.8967175
6.421168
6.598181
6.3623977
6.6334543
6.7499394
6.594729
6.6469893
6.442312
6.9044185
5.6420984
6.541732
6.0807924
6.544164
6.5233912
6.4417152
6.628814
6.7453995
6.455318
6.775385
5.961534
6.1874614
6.6246667
6.466346
7.0304184
6.457203
6.570406
6.398816
6.324274
6.3303986
5.889256
6.6263742
6.0215435
6.010845
5.710111
6.584843
6.5733805
6.652332
6.274609
6.564181
6.4972415
6.5037003
5.927985
6.637582
6.405606
5.981112
6.4177213
7.0061917
6.9672403
5.510814
7.0371084
6.219
6.578102
6.718238
6.8727
6.583553
6.793124
6.3851037
6.058015
6.4447417
6.477254
6.4837775
6.2648826
6.261336
6.8484163
5.8804874
6.454459
6.0347195
6.6061687
6.607724
6.7133245
6.138543
6.375091
6.6904235
6.704842
6.502136
5.794107
6.8133216
6.6192923
6.456148
6.315235
6.3716435
6.6753373
6.2742586
6.471238
6.5888033
6.3781223
6.3698545
6.853495
6.5509977
6.6215844
6.7165484
5.9995475
6.2174544
6.2494483
6.2032485
5.9376717
6.359023
6.5810857
6.159745
6.76749
6.8614035
6.1530886
6.17973
6.0046844
6.640703
6.532293
6.8048396
6.6461234
5.8011494
6.3044605
6.2746863
6.7762175
6.3257613
6.440264
6.5436406
6.822846
6.623561
6.469781
6.5554137
6.4376316
6.258459
6.190462
6.228141
6.764184
6.4915066
6.516263
6.2230916
6.5341825
5.9011674
5.881558
6.5970993
6.288042
6.558642
5.9448395
6.314792
6.2869596
6.057985
6.4272423
6.4913535
6.329381
6.3087497
6.3133955
6.5930414
6.367864
6.243611
6.8271437
6.3664165
6.876344
5.752523
5.794139
6.3319564
6.775564
6.386479
6.3554916
6.7553673
6.4422812
6.238974
6.716147
6.0006003
6.5121465
6.5180316
6.122233
6.792271
6.6094146
6.5095024
6.218112
6.781854
6.434557
6.6524587
6.5499763
6.6397123
6.7945232
6.653502
5.9207983
6.303814
6.701434
6.16526
6.435402
6.29388
6.039668
6.0156054
6.8085656
6.617958
6.186364
6.6756096
6.564098
6.8335414
6.79573
6.908024
6.8159366
6.8048854
5.499045
6.5508065
6.4529796
6.4652543
6.437339
6.392585
6.382348
5.9288054
5.8391376
6.744446
5.911073
6.148547
5.9741917
6.4005036
6.614088
6.2704544
6.6543646
6.6952925
6.810443
6.7281413
6.9558206
6.597218
6.54849
6.529811
6.5863013
6.272566
6.396804
6.2805624
6.673639
6.898511
6.795556
6.8859205
6.4313917
6.3298197
6.7055445
6.3532915
6.769765
6.623809
6.8719916
6.224982
6.127429
5.53561
6.238707
6.1029997
6.232675
6.6216826
6.3552966
6.0563793
6.136654
6.363482
6.4195514
5.6720285
6.6219854
6.554535
6.58329
5.939008
6.1745653
5.7189755
6.49488
6.7183313
6.492904
6.645529
6.7432284
6.705848
6.3226743
6.6833906
6.588531
6.504251
6.0178933
5.9232483
6.269145
6.007894
5.699584
6.3410497
6.7746253
5.9626045
6.621504
6.3036523
6.7435236
6.866636
6.3778377
6.2250657
6.0174623
6.4650483
6.284556
6.5218406
6.2635307
6.6638284
6.6515017
6.737824
6.3913164
6.5580373
6.023912
6.3660345
6.264187
5.8379197
6.1957307
6.550771
5.927011
6.2079377
6.7760344
6.4705887
6.294023
6.914172
6.6325135
5.962768
6.903527
6.514923
6.4759626
6.692263
6.5154314
6.392033
6.5066576
6.3439736
6.2310367
6.4592338
6.391549
6.8813453
6.247076
6.26598
6.5636873
6.5650635
6.4409785
6.2044544
6.757643
6.333577
6.427725
6.940359
7.011388
6.771083
6.67752
6.277411
6.455074
6.585826
6.2688103
6.784174
6.2106066
6.861799
6.6541166
6.386494
6.6681056
6.599357
6.5554957
5.788039
5.8672657
6.418093
5.9483833
6.804556
6.3781786
6.5066295
6.2398047
6.627279
6.2898097
6.2196035
6.6057863
6.6419716
6.3964643
6.6807623
6.6485443
6.563191
6.557894
6.227182
6.290629
6.7154856
6.5725064
6.3976474
6.8345304
6.253041
6.113463
6.6952915
6.5843754
6.756686
5.7467375
6.614387
6.6866074
6.0264087
6.7949123
6.2891235
6.3959827
6.259398
6.8388414
6.292212
6.873275
6.567058
6.1660028
6.5517273
6.6762857
6.0880313
6.6730857
6.235702
6.50922
5.808709
6.4068465
6.5009155
6.248249
6.588744
6.516482
6.279283
7.0408306
5.78935
6.554002
6.753112
6.544431
6.070476
6.261412
6.5300813
6.510747
6.5128703
5.8892946
6.9518
6.5918126
6.88862
6.2105346
6.0231442
6.4482765
6.693345
6.723916
6.1989465
7.0805125
6.4567986
6.4784355
6.497483
5.545675
6.2486167
6.4656277
6.239344
5.968895
6.2418556
6.107272
6.797519
6.9271483
6.407859
5.934331
6.966221
6.6895046
6.187124
6.476589
6.6214914
6.661204
6.5849304
5.992062
6.911229
6.764888
6.3587413
6.5821424
6.2707524
6.218007
6.684257
6.5682364
6.8422995
6.3788753
6.348755
6.6289206
6.4955277
6.3162146
6.388999
6.6914907
6.7176995
6.3569446
6.2091327
6.643815
5.9522867
5.818525
6.7380104
6.0627465
6.2323675
6.9799643
6.599972
6.6115
6.704719
6.601411
6.3289523
6.8365355
6.888005
6.4973507
5.9900074
6.1966677
6.138068
6.3796678
6.1788344
6.751546
6.9268794
6.447807
6.5789785
6.901179
6.740196
6.1398993
5.955141
6.878947
6.355538
5.833828
6.003448
6.082506
6.232858
6.2684436
6.4709253
6.754701
6.6268573
6.2792535
6.9124756
6.5906777
6.3063173
6.59886
6.366581
6.120664
6.658723
6.086161
5.737964
6.1937494
6.9588623
6.752376
6.8842864
6.771254
6.44014
6.28446
6.6745224
7.036408
5.7725096
6.601461
6.3241553
6.400303
6.6940703
6.2395353
6.649686
6.223026
6.335496
6.254926
6.7610393
5.687264
6.713659
6.3900633
6.491416
6.8926964
6.3840766
6.474651
6.9098516
6.5559707
6.7012563
6.8286734
5.940582
6.733023
6.561956
6.743393
6.182202
6.9834466
6.796971
6.404215
5.8734927
6.456346
6.4234138
6.926283
6.400894
6.762997
6.3757534
6.6168704
6.37763
6.4643006
6.268116
5.5267696
6.379496
6.877162
6.3607802
5.9646482
6.0561333
6.3361397
6.530215
6.6880894
5.976261
6.7594047
6.5435343
6.515553
6.5763335
6.405635
6.426588
6.6317897
6.2615886
6.513086
6.399826
6.301443
6.4135165
6.986201
6.254088
6.812711
6.5177827
6.650763
5.985348
6.4370637
6.0111046
6.211104
6.563424
6.9396086
6.4989104
6.3509154
6.6183524
6.895815
6.5262547
6.3116336
6.7202735
6.511782
6.8060217
5.892487
6.653348
6.83887
6.453864
6.6647115
6.64628
6.7352657
6.060955
6.2310734
6.195488
6.689633
6.709816
6.6728463
6.5110016
5.812688
6.2108397
6.370984
6.985687
6.742142
6.5555367
6.752648
6.153775
6.670064
6.7067513
6.7593174
6.7862115
6.775944
6.199121
6.866669
6.824429
6.673911
6.1695714
6.8979454
6.6578326
6.713
6.604825
6.6944222
6.0316586
6.5754924
6.3561
6.212432
6.554056
6.3820567
6.8877826
6.3822
6.130659
6.5853105
6.614818
6.7553306
6.1142464
7.003315
6.5950627
6.527661
6.155191
6.3348227
5.607789
6.3782916
5.962928
6.553914
6.8068595
6.3848686
6.733746
6.5245748
6.809559
6.908632
6.4468575
6.601368
6.263436
6.195504
6.5274496
6.551545
6.8133593
6.6119537
6.8124313
6.6157594
6.3399634
6.390145
6.6491117
6.580233
6.5672517
6.3810606
6.562994
5.8463497
6.9521666
6.260936
6.3437886
5.6512165
6.122705
6.7367697
5.981059
6.688933
6.485078
6.385195
6.4330378
6.1299763
6.347696
6.361385
6.9997396
6.550081
6.014865
7.069332
6.3434834
6.8670015
6.6659465
6.1030736
6.167882
6.4877796
6.7703648
5.8212843
6.7854486
5.928397
6.3197894
6.6060576
6.0477166
6.6086493
6.329171
6.6236925
6.282254
6.334577
6.575099
6.3937173
6.444727
6.586645
6.6607757
6.6283994
6.6425233
6.708551
6.2722893
6.5184383
6.974
6.7241297
6.8621693
6.4033666
6.460917
6.412038
6.6709123
6.1693554
6.4880924
6.47204
6.058536
6.2595997
6.1903324
6.0784836
6.524064
6.4757447
6.0566792
6.1635475
6.684534
6.6609488
6.5987563
6.467162
6.767324
5.725323
6.2235622
5.8930964
6.843741
7.0810833
6.222959
6.6138062
6.0364513
6.675605
6.5799665
6.746481
6.65271
6.4565
6.412118
6.476941
6.438945
6.650004
6.6231227
6.3307033
6.609696
6.6762433
6.7791915
6.405623
6.2259054
5.6446195
5.921286
6.897661
5.8045993
5.845087
6.468006
5.961127
6.9065223
5.772632
6.7068987
6.447739
6.156562
6.132966
6.9311957
6.3510013
6.214846
6.7269473
6.6746125
6.341949
6.3558345
6.2560415
6.984994
6.1152663
6.4581857
6.411978
5.675535
6.6001573
6.1353307
6.5007734
6.313256
6.6236567
6.123376
6.1940274
6.3655148
6.680858
6.574435
6.0262127
6.1652217
6.2679462
6.7427783
6.806189
6.9892454
5.685221
6.113554
6.709655
6.5146327
6.1326222
6.4593687
6.2020674
6.2498155
6.7255144
6.2181244
6.04633
6.407798
6.138417
6.581872
6.8551655
5.976789
6.4018764
6.3981156
6.5692387
6.219423
6.4970927
6.6462183
6.241297
6.551132
6.305442
6.9297643
6.6085367
6.64675
6.5073543
6.3383255
6.6504664
5.9813104
5.629559
6.359473
6.5106997
6.4921107
6.5345397
6.1439075
6.2870593
6.944805
6.5316887
5.965036
7.0052543
6.235237
6.5544167
6.2556934
6.4966035
6.801294
6.256362
6.7281523
6.267692
6.417805
6.7947125
6.3510537
6.6504183
6.2492647
6.6980796
6.715814
6.594422
6.4019575
6.0828605
6.369258
6.1946096
6.7075515
6.1399126
6.963652
5.9526124
5.737791
6.496316
6.8963957
6.775508
6.3373694
6.1555614
6.3276987
6.241142
6.2320943
6.7342987
6.477016
5.940723
7.0188265
6.610096
6.443307
6.253268
6.1026
6.6068115
6.4851904
6.751649
6.876292
6.2237897
6.610649
6.5465937
6.287309
6.7954865
6.27935
6.5231414
6.541489
5.922122
6.5489416
6.2243094
5.848275
6.4551296
6.4979258
6.433867
6.2720027
6.5223446
6.3991737
6.4489503
6.4345818
6.5901823
6.0531206
6.379135
6.368381
6.4536905
6.696786
5.9646583
6.3812957
6.48485
6.6691732
6.2643404
6.224133
6.683955
6.8337984
6.704838
6.6957283
6.8054686
6.6403356
6.294062
6.822687
6.5750017
6.873686
6.7376647
5.9467206
6.22753
6.840052
6.436212
6.1694865
6.4892664
5.7284455
6.410873
6.152115
6.7655764
6.556407
6.535492
6.5949492
6.6212654
5.9538097
5.94336
6.9729447
6.683786
6.353877
6.5111117
5.698575
6.688579
6.603302
6.6267967
6.5919657
6.162423
6.6158237
6.684574
6.570168
6.673397
5.9452786
6.831548
6.2194676
6.5326347
5.688531
5.8415303
6.155466
6.52725
6.6474376
6.7146177
6.0932813
6.622571
6.7405405
6.2166667
6.931735
5.9206104
6.4732885
6.31132
6.5818925
6.314582
6.476157
6.056233
6.5756326
6.5527
6.3391113
6.113211
6.3360524
5.9536343
6.4845552
6.645678
5.8972526
6.786098
6.513045
6.3699446
6.180652
6.434239
6.0311766
6.4867206
6.27984
6.2956834
6.0514526
6.657061
6.8819356
6.8994203
6.723378
6.829068
6.4263124
6.4468207
6.7270875
5.859709
6.90645
6.3418837
6.6706424
6.777991
6.6159244
5.8449264
5.7222576
6.7184753
6.4459147
6.4021077
5.942341
6.4624805
6.560774
6.753336
6.1895366
6.269543
6.890443
6.473315
6.977723
6.0943403
6.44509
6.2415514
6.523096
6.9271636
6.6070533
6.8140426
5.71277
5.962672
6.485948
6.551719
6.9494233
6.4142675
6.6992807
6.6973734
6.2354884
6.5826755
6.8101463
5.8887496
6.7648797
6.4094296
6.5056214
5.7161784
6.5613656
6.1460733
6.5274615
6.2812324
6.19474
6.4000573
6.0233903
6.3547034
6.779834
6.2593145
6.8325205
6.2041483
7.0482836
6.848128
6.7793794
6.9382277
6.786571
6.458668
6.3273563
6.315085
5.947885
6.321575
6.2647405
6.3305335
6.5226107
6.8482943
6.642886
6.829597
6.729003
6.7068357
6.3730545
6.5719934
6.7088532
6.1833234
6.319936
6.7787585
6.731259
6.6780796
6.393914
6.3844576
5.8871913
6.8679824
6.2146244
6.4467087
6.1965966
6.537163
5.9720955
6.7224154
6.313259
6.752614
6.726279
6.380193
6.300552
6.049465
6.755866
6.0781374
6.2237716
6.366022
6.543079
6.591994
6.891285
6.546178
6.3235297
6.8390393
6.5315614
6.530979
6.7233696
6.2058706
6.4645104
6.2376766
5.744151
6.444824
6.510642
6.0436306
6.6543713
6.6210637
6.799499
6.7366767
6.5982165
6.059616
7.0212636
6.3731146
6.4973693
6.222357
6.286823
5.9366436
6.7493997
6.092906
6.001642
6.127654
6.738762
7.081191
6.932368
6.816033
6.5904284
6.4279294
5.809163
6.423104
6.645017
6.7115474
6.7637095
6.7458286
6.703523
5.9807014
6.7260294
6.53619
6.585992
6.7773714
6.692102
6.909625
6.9108415
6.739267
6.3991337
6.736629
6.352607
6.343545
6.162693
6.658292
5.6589694
6.041387
6.497541
6.8822618
6.1227183
6.000244
6.5056305
6.3620605
6.753047
6.5138116
6.247844
6.671757
5.8245893
6.673781
6.6871
6.066175
5.925281
6.597022
6.2393875
6.2690043
6.046033
6.6992927
6.496386
6.4418817
6.1221695
6.20782
6.905122
6.3899727
6.0245714
6.498694
6.7061076
6.7213373
6.3843737
6.2276154
6.665019
5.9133215
5.815001
6.0440984
5.8057775
6.634111
6.0578165
6.4065137
6.02449
6.663394
6.91988
6.7082686
6.4788747
6.627764
6.6877394
6.106167
5.9496408
6.716144
6.0003886
6.7955294
6.4524093
6.7820945
6.805705
6.689306
6.814209
6.7588844
5.8726926
6.4347672
6.322859
6.475643
5.7671256
6.4077606
6.1151967
6.703764
6.8526373
6.2641616
6.704628
6.8120522
6.4276004
6.224452
6.11481
6.9312305
6.3245606
6.7033787
7.028273
6.216313
6.7318373
6.523539
5.606127
6.777166
6.737218
6.8846455
6.74784
6.3167133
6.9507933
6.645126
6.4551673
6.3423095
6.302398
6.5582
6.5403748
6.5599523
5.9431705
6.9503884
6.1280956
6.50131
6.4584675
6.2439523
6.39976
6.7267985
6.189002
6.6766043
6.048536
6.249313
6.442233
6.974428
6.090949
6.225677
6.330035
6.818247
6.326817
6.6196446
6.6614003
5.918005
6.304399
6.2642117
6.54578
6.672338
5.942216
6.8594613
6.698663
6.0564356
6.919866
6.3759904
6.649276
6.5062976
6.780489
6.2690654
6.8017955
6.792514
6.7036924
6.226743
6.1187544
6.584393
6.7255034
6.309597
6.0996714
6.406853
6.5549736
6.2887816
6.8205185
5.8286924
6.778423
6.457528
6.800005
6.3565106
5.9516444
6.607423
6.2648625
6.446184
6.023798
6.2276707
6.666809
5.831299
6.1411324
6.8560953
6.959291
6.5163016
6.2386594
6.1026587
6.2689633
6.6793685
6.663825
6.7472706
6.058262
6.2791777
6.832093
6.271055
6.16233
6.748692
6.0371275
6.4417906
6.615795
6.24701
6.192685
6.708657
6.126822
6.371043
7.0529566
6.3394847
6.6916695
6.623563
6.2215295
6.259372
6.6858034
6.8293157
6.3278923
6.021602
6.1633887
6.6567845
5.834082
6.884726
6.6274314
6.3226347
6.8287373
6.4076962
6.358698
6.481889
6.4515805
6.5027175
6.914432
6.779847
6.0163345
6.374651
6.8578997
6.3454704
6.562385
6.4058433
6.5794983
6.0103874
5.933304
6.7614274
6.0631485
6.7295218
6.326756
6.1851234
6.526212
5.8707714
6.390693
6.6392736
6.3948674
5.9792423
7.0299993
6.171072
6.204316
5.9945846
6.8599377
6.7808805
5.9310546
6.5571127
6.7786407
5.896201
6.615596
6.740214
6.5058165
6.3154507
6.5618467
6.572751
6.666809
6.1653347
6.116869
6.400392
6.5650496
6.2870164
6.356392
6.3992233
6.339933
6.5121827
6.605446
6.4330087
6.5573525
6.697041
6.112868
6.4890265
6.5532317
6.257167
6.7381916
6.7586765
6.488446
6.3455896
6.8807917
6.6580915
6.8834443
6.438653
6.446544
6.520227
6.8207912
6.406015
6.6760993
5.892029
6.528342
6.734454
6.823626
6.917998
6.547082
6.4483924
6.8337717
6.3041725
6.5186777
6.2937617
6.288041
6.381242
6.1513042
6.6236925
5.893677
6.5561857
6.81263
6.4563346
6.2763195
6.0552225
6.213138
6.3202453
5.961435
6.428549
6.447633
6.0541835
5.942962
6.486446
6.307088
6.442867
5.8260584
5.8421135
6.3297906
6.2016616
6.58994
6.568127
6.793357
6.7243915
6.891822
6.336348
6.7408004
6.2053986
6.3888865
6.17273
6.853495
6.1838927
6.6730146
5.771187
6.322023
6.6229897
6.5907874
6.605028
6.1261535
6.691645
6.5494704
6.8489447
6.5909414
6.3014197
6.0062976
6.6359963
6.217506
6.254323
6.1630692
6.8605695
6.661016
6.3375025
6.3402834
6.4641957
6.3971786
6.590916
6.516482
6.3980756
6.4792113
6.727721
6.49085
6.9067817
6.6736636
5.8635364
6.175844
6.4152527
6.8707056
5.947379
6.7915754
6.207678
6.562726
5.995768
6.9373236
5.7648263
6.638611
6.2312703
5.896743
6.7022095
6.392726
6.949114
6.67677
6.846927
6.416499
6.3183694
6.035116
6.6721306
6.8477345
6.843696
6.5757694
6.013259
6.784936
6.449519
6.404779
5.884692
6.429387
6.197954
6.432763
6.247895
6.5538692
6.427625
6.0807347
6.7124567
6.663338
6.728663
6.821299
6.1199465
6.216326
6.4647584
6.6445336
6.3555346
5.926621
6.4298654
5.8414993
6.2710476
6.03106
6.9162188
6.463338
6.434348
5.939426
6.766437
6.471223
6.6111174
6.131339
6.324365
6.2284536
6.877433
6.179294
6.6303444
6.1010766
6.165661
6.6060143
6.3973513
6.1177974
6.3695765
6.8570223
6.686077
6.6145535
6.6480207
6.4518056
6.2118435
6.479849
6.513664
6.401015
6.2695856
6.2957354
6.531151
6.3611627
6.7020907
6.14616
6.3536496
6.59695
6.5635886
6.070476
6.762471
6.604742
6.6147227
6.47367
6.6326914
6.3262906
6.7636123
6.2407603
6.77414
6.8086014
6.5912137
6.7629056
6.7812066
6.72461
6.5948744
6.954795
6.1072607
6.528414
5.967981
6.737858
6.742075
6.589064
6.8576508
6.678202
6.5323143
6.670835
6.068202
6.7046614
6.353191
6.5746927
6.7670603
6.2592707
7.041218
6.2127814
5.760867
6.622654
6.260477
6.6198564
6.681327
6.3967404
6.623043
6.581085
6.4909024
7.0264664
6.4418073
6.547292
6.492922
6.756674
6.1618876
6.337727
6.3134904
6.948155
6.842873
5.8875747
6.072595
6.449536
6.647668
6.8325872
6.5883904
6.439024
6.8725758
6.431151
6.860449
6.6441836
6.4536757
6.502782
6.4198403
6.440612
6.507998
6.5061316
6.3746266
6.723331
5.998077
6.2868657
6.8407884
6.6991835
6.634206
6.7747087
6.2780433
6.0955844
6.250836
6.491172
6.2328167
6.403973
5.953818
6.7520075
6.2004952
6.109642
7.062676
6.1321707
6.4808445
6.79749
6.334751
6.434657
6.339254
6.5432076
6.763703
6.254819
6.534118
6.4166956
6.5231667
6.3903794
6.1730747
7.0185676
6.7012887
6.71588
6.7204914
6.497719
6.0674963
6.21996
6.984247
6.3921585
6.8716383
6.3076205
6.2257643
6.2772536
6.5298448
5.9307346
6.818588
6.6711416
6.46989
6.517697
6.399001
6.6626973
6.119576
6.2919183
6.697273
6.4607186
5.9310565
6.588855
6.890272
6.393543
6.93021
6.5871925
6.490153
6.537636
6.3635516
6.667181
6.380873
6.5885625
6.723242
6.2756577
5.9511595
6.3598876
6.6690097
7.026054
6.4541936
6.0863986
6.174864
6.7721
6.128815
6.6001196
6.47157
6.4218926
6.1051307
6.1521063
6.692926
6.9098067
6.8324866
6.0010366
6.601727
6.25723
6.888032
6.8208504
6.638747
6.7086883
6.315223
6.430598
6.8676467
6.254059
6.0827794
6.249
5.5396147
6.555754
6.6868644
6.6604495
6.1395035
6.816131
6.5177107
6.3386235
6.8317313
6.8612733
6.893572
5.886825
6.138658
6.590889
6.659393
6.4130516
6.317185
5.9740467
6.2394567
5.727547
6.7961187
6.2727885
6.4848304
6.411784
6.521489
6.3524795
6.44531
6.0231156
6.7221003
6.8695965
6.6448545
